15 15 1636982296
21 17 1636982296
37 18 1636982296
49 19 1636982296
112 20 1636982296
129 23 1636982296
132 24 1636982296
142 25 1636982296
15 15.1362 1636982326
21 17.0736 1636982326
37 18.0198 1636982326
49 19.2473 1636982326
112 20.1242 1636982326
129 22.8296 1636982326
132 23.9149 1636982326
142 24.93 1636982326
15 15.3583 1636982356
21 17.2704 1636982356
37 17.9374 1636982356
49 19.3904 1636982356
112 20.349 1636982356
129 22.9233 1636982356
132 23.9122 1636982356
142 24.8453 1636982356
15 15.362 1636982386
21 17.4567 1636982386
37 17.7432 1636982386
49 19.447 1636982386
112 20.582 1636982386
129 22.7275 1636982386
132 23.7926 1636982386
142 24.8463 1636982386
15 15.4253 1636982416
21 17.207 1636982416
37 17.6137 1636982416
49 19.6389 1636982416
112 20.7961 1636982416
129 22.9395 1636982416
132 23.5484 1636982416
142 24.6391 1636982416
15 15.4532 1636982446
21 17.0873 1636982446
37 17.3941 1636982446
49 19.7814 1636982446
112 20.9549 1636982446
129 22.9642 1636982446
132 23.5078 1636982446
142 24.8595 1636982446
15 15.4967 1636982476
21 17.0573 1636982476
37 17.6372 1636982476
49 19.6465 1636982476
112 21.1407 1636982476
129 22.9745 1636982476
132 23.3306 1636982476
142 24.7228 1636982476
15 15.552 1636982506
21 17.2919 1636982506
37 17.803 1636982506
49 19.6344 1636982506
112 21.2154 1636982506
129 23.2182 1636982506
132 23.1614 1636982506
142 24.6161 1636982506
15 15.4802 1636982536
21 17.2112 1636982536
37 17.6156 1636982536
49 19.5578 1636982536
112 21.4603 1636982536
129 23.086 1636982536
132 22.9781 1636982536
142 24.7722 1636982536
15 15.4475 1636982566
21 17.3539 1636982566
37 17.7862 1636982566
49 19.6743 1636982566
112 21.3084 1636982566
129 22.9463 1636982566
132 22.8335 1636982566
142 24.6136 1636982566
15 15.5476 1636982596
21 17.5938 1636982596
37 17.6863 1636982596
49 19.5502 1636982596
112 21.4479 1636982596
129 22.7628 1636982596
132 22.8501 1636982596
142 24.747 1636982596
15 15.4555 1636982626
21 17.7017 1636982626
37 17.9064 1636982626
49 19.6753 1636982626
112 21.2023 1636982626
129 22.9295 1636982626
132 23.0817 1636982626
142 24.937 1636982626
15 15.2595 1636982656
21 17.5576 1636982656
37 17.802 1636982656
49 19.7407 1636982656
112 21.1234 1636982656
129 22.9692 1636982656
132 23.2652 1636982656
142 24.7103 1636982656
15 15.2486 1636982686
21 17.5429 1636982686
37 17.9333 1636982686
49 19.8969 1636982686
112 21.1277 1636982686
129 23.1442 1636982686
132 23.1399 1636982686
142 24.5523 1636982686
15 15.0815 1636982716
21 17.4415 1636982716
37 18.0744 1636982716
49 19.904 1636982716
112 21.2168 1636982716
129 23.0102 1636982716
132 22.9852 1636982716
142 24.4732 1636982716
15 15.1416 1636982746
21 17.1916 1636982746
37 18.0376 1636982746
49 20.1261 1636982746
112 21.2984 1636982746
129 22.8927 1636982746
132 22.8931 1636982746
142 24.5549 1636982746
15 15.2006 1636982776
21 17.1866 1636982776
37 18.2477 1636982776
49 20.0807 1636982776
112 21.3243 1636982776
129 23.074 1636982776
132 23.139 1636982776
142 24.4637 1636982776
15 14.9542 1636982806
21 17.1848 1636982806
37 18.1415 1636982806
49 19.9917 1636982806
112 21.3331 1636982806
129 23.0419 1636982806
132 22.9112 1636982806
142 24.332 1636982806
15 14.7854 1636982836
21 17.3711 1636982836
37 17.8938 1636982836
49 19.7786 1636982836
112 21.4872 1636982836
129 22.8497 1636982836
132 22.6865 1636982836
142 24.4052 1636982836
15 14.934 1636982866
21 17.3778 1636982866
37 17.9972 1636982866
49 19.9135 1636982866
112 21.2724 1636982866
129 22.8725 1636982866
132 22.7788 1636982866
142 24.4181 1636982866
15 14.8265 1636982896
21 17.2488 1636982896
37 18.1899 1636982896
49 19.8505 1636982896
112 21.1452 1636982896
129 22.8976 1636982896
132 22.6135 1636982896
142 24.3373 1636982896
15 14.8375 1636982926
21 17.0613 1636982926
37 17.9585 1636982926
49 20.0522 1636982926
112 21.0122 1636982926
129 22.958 1636982926
132 22.6698 1636982926
142 24.3881 1636982926
15 14.9282 1636982956
21 16.8497 1636982956
37 18.1598 1636982956
49 20.2626 1636982956
112 20.9674 1636982956
129 22.988 1636982956
132 22.8724 1636982956
142 24.1984 1636982956
15 15.1281 1636982986
21 16.7369 1636982986
37 18.0537 1636982986
49 20.3827 1636982986
112 21.1501 1636982986
129 23.1471 1636982986
132 23.0665 1636982986
142 24.448 1636982986
15 14.9123 1636983016
21 16.9227 1636983016
37 18.0281 1636983016
49 20.3422 1636983016
112 21.3619 1636983016
129 22.9087 1636983016
132 23.1708 1636983016
142 24.6334 1636983016
15 14.8658 1636983046
21 17.0357 1636983046
37 17.8633 1636983046
49 20.5131 1636983046
112 21.1659 1636983046
129 23.1381 1636983046
132 23.2375 1636983046
142 24.4499 1636983046
15 14.8332 1636983076
21 16.9724 1636983076
37 17.8591 1636983076
49 20.7284 1636983076
112 21.0201 1636983076
129 23.2755 1636983076
132 23.0403 1636983076
142 24.3806 1636983076
15 14.7249 1636983106
21 16.8644 1636983106
37 17.8522 1636983106
49 20.6295 1636983106
112 21.0356 1636983106
129 23.2899 1636983106
132 23.0378 1636983106
142 24.3771 1636983106
15 14.4911 1636983136
21 16.868 1636983136
37 17.9166 1636983136
49 20.6213 1636983136
112 21.1488 1636983136
129 23.1669 1636983136
132 23.1991 1636983136
142 24.5328 1636983136
15 14.6904 1636983166
21 16.709 1636983166
37 17.6983 1636983166
49 20.4482 1636983166
112 21.301 1636983166
129 23.2275 1636983166
132 23.3075 1636983166
142 24.4059 1636983166
15 14.7701 1636983196
21 16.4698 1636983196
37 17.7064 1636983196
49 20.5609 1636983196
112 21.0963 1636983196
129 23.4387 1636983196
132 23.5567 1636983196
142 24.1604 1636983196
15 14.8451 1636983226
21 16.6241 1636983226
37 17.8036 1636983226
49 20.3119 1636983226
112 21.2965 1636983226
129 23.4594 1636983226
132 23.6004 1636983226
142 23.9733 1636983226
15 14.6122 1636983256
21 16.4465 1636983256
37 17.9276 1636983256
49 20.3405 1636983256
112 21.3778 1636983256
129 23.3583 1636983256
132 23.7864 1636983256
142 23.7233 1636983256
15 14.7758 1636983286
21 16.2842 1636983286
37 18.0728 1636983286
49 20.57 1636983286
112 21.1562 1636983286
129 23.1316 1636983286
132 23.6788 1636983286
142 23.8417 1636983286
15 14.6832 1636983316
21 16.4257 1636983316
37 18.0823 1636983316
49 20.7924 1636983316
112 21.1582 1636983316
129 23.235 1636983316
132 23.7296 1636983316
142 23.8935 1636983316
15 14.4878 1636983346
21 16.5714 1636983346
37 18.1823 1636983346
49 20.6369 1636983346
112 21.4039 1636983346
129 23.208 1636983346
132 23.673 1636983346
142 23.9707 1636983346
15 14.2666 1636983376
21 16.3442 1636983376
37 18.2596 1636983376
49 20.5585 1636983376
112 21.5492 1636983376
129 23.0079 1636983376
132 23.4713 1636983376
142 23.8469 1636983376
15 14.3297 1636983406
21 16.5194 1636983406
37 18.4626 1636983406
49 20.6271 1636983406
112 21.3524 1636983406
129 22.773 1636983406
132 23.5045 1636983406
142 24.0702 1636983406
15 14.1677 1636983436
21 16.3371 1636983436
37 18.6318 1636983436
49 20.5915 1636983436
112 21.1291 1636983436
129 22.7862 1636983436
132 23.2636 1636983436
142 24.2789 1636983436
15 14.2981 1636983466
21 16.5339 1636983466
37 18.6592 1636983466
49 20.7173 1636983466
112 21.2149 1636983466
129 22.8141 1636983466
132 23.1351 1636983466
142 24.0289 1636983466
15 14.3927 1636983496
21 16.7273 1636983496
37 18.4691 1636983496
49 20.5085 1636983496
112 21.3951 1636983496
129 22.6246 1636983496
132 23.0531 1636983496
142 23.8363 1636983496
15 14.1982 1636983526
21 16.6557 1636983526
37 18.2319 1636983526
49 20.3941 1636983526
112 21.256 1636983526
129 22.7522 1636983526
132 22.906 1636983526
142 23.9741 1636983526
15 14.1086 1636983556
21 16.6491 1636983556
37 17.9983 1636983556
49 20.5483 1636983556
112 21.4086 1636983556
129 22.8492 1636983556
132 22.7002 1636983556
142 23.8522 1636983556
15 14.0069 1636983586
21 16.7309 1636983586
37 17.996 1636983586
49 20.4936 1636983586
112 21.4883 1636983586
129 22.6479 1636983586
132 22.6926 1636983586
142 24.0396 1636983586
15 13.8776 1636983616
21 16.5642 1636983616
37 18.2017 1636983616
49 20.2631 1636983616
112 21.6925 1636983616
129 22.5366 1636983616
132 22.5623 1636983616
142 24.2093 1636983616
15 13.8918 1636983646
21 16.7 1636983646
37 18.3066 1636983646
49 20.45 1636983646
112 21.8429 1636983646
129 22.4202 1636983646
132 22.8035 1636983646
142 23.9814 1636983646
15 13.8974 1636983676
21 16.8976 1636983676
37 18.1705 1636983676
49 20.2043 1636983676
112 21.9945 1636983676
129 22.2816 1636983676
132 22.9432 1636983676
142 23.8499 1636983676
15 13.7079 1636983706
21 16.8158 1636983706
37 18.1271 1636983706
49 20.4177 1636983706
112 21.9206 1636983706
129 22.0778 1636983706
132 23.0123 1636983706
142 23.6005 1636983706
15 13.4674 1636983736
21 16.7477 1636983736
37 17.8985 1636983736
49 20.2395 1636983736
112 21.8272 1636983736
129 22.1768 1636983736
132 22.9926 1636983736
142 23.3936 1636983736
15 13.404 1636983766
21 16.9471 1636983766
37 17.7222 1636983766
49 20.4402 1636983766
112 21.8546 1636983766
129 22.3699 1636983766
132 22.8164 1636983766
142 23.4941 1636983766
15 13.6394 1636983796
21 17.0936 1636983796
37 17.9182 1636983796
49 20.2697 1636983796
112 21.7482 1636983796
129 22.4601 1636983796
132 22.9737 1636983796
142 23.5116 1636983796
15 13.6348 1636983826
21 17.2237 1636983826
37 17.8564 1636983826
49 20.0914 1636983826
112 21.993 1636983826
129 22.4247 1636983826
132 22.9749 1636983826
142 23.4788 1636983826
15 13.4995 1636983856
21 17.1487 1636983856
37 17.9555 1636983856
49 19.9909 1636983856
112 22.146 1636983856
129 22.5735 1636983856
132 22.8972 1636983856
142 23.651 1636983856
15 13.4888 1636983886
21 17.1238 1636983886
37 17.7758 1636983886
49 20.0164 1636983886
112 22.0332 1636983886
129 22.3558 1636983886
132 23.0829 1636983886
142 23.59 1636983886
15 13.2655 1636983916
21 16.9799 1636983916
37 17.7939 1636983916
49 19.9757 1636983916
112 21.8434 1636983916
129 22.4093 1636983916
132 22.8525 1636983916
142 23.3933 1636983916
15 13.1041 1636983946
21 17.2068 1636983946
37 17.8953 1636983946
49 20.0577 1636983946
112 21.9176 1636983946
129 22.473 1636983946
132 22.8996 1636983946
142 23.3824 1636983946
15 12.8735 1636983976
21 17.2351 1636983976
37 17.8121 1636983976
49 20.2298 1636983976
112 22.1372 1636983976
129 22.3069 1636983976
132 22.9497 1636983976
142 23.171 1636983976
15 13.0592 1636984006
21 17.0363 1636984006
37 18.0067 1636984006
49 20.1516 1636984006
112 22.2259 1636984006
129 22.1484 1636984006
132 22.8515 1636984006
142 23.3195 1636984006
15 12.9646 1636984036
21 16.7954 1636984036
37 18.1771 1636984036
49 20.0045 1636984036
112 22.4378 1636984036
129 21.8988 1636984036
132 22.6153 1636984036
142 23.26 1636984036
15 12.7863 1636984066
21 16.9411 1636984066
37 17.9684 1636984066
49 19.9376 1636984066
112 22.4723 1636984066
129 22.0453 1636984066
132 22.5908 1636984066
142 23.3605 1636984066
15 12.6724 1636984096
21 16.889 1636984096
37 17.9444 1636984096
49 20.0279 1636984096
112 22.4778 1636984096
129 22.1864 1636984096
132 22.5721 1636984096
142 23.4053 1636984096
15 12.8721 1636984126
21 17.1064 1636984126
37 17.7333 1636984126
49 20.024 1636984126
112 22.6474 1636984126
129 22.3307 1636984126
132 22.6964 1636984126
142 23.4147 1636984126
15 12.8477 1636984156
21 17.1781 1636984156
37 17.8367 1636984156
49 19.9452 1636984156
112 22.6061 1636984156
129 22.2665 1636984156
132 22.6586 1636984156
142 23.6292 1636984156
15 12.97 1636984186
21 17.0863 1636984186
37 17.7128 1636984186
49 20.11 1636984186
112 22.5127 1636984186
129 22.1489 1636984186
132 22.5595 1636984186
142 23.6535 1636984186
15 12.8489 1636984216
21 17.0534 1636984216
37 17.7416 1636984216
49 20.1378 1636984216
112 22.4869 1636984216
129 21.9089 1636984216
132 22.731 1636984216
142 23.7131 1636984216
15 12.6634 1636984246
21 17.1764 1636984246
37 17.8728 1636984246
49 20.1657 1636984246
112 22.5893 1636984246
129 22.0472 1636984246
132 22.7073 1636984246
142 23.7348 1636984246
15 12.7601 1636984276
21 17.3396 1636984276
37 17.9895 1636984276
49 20.2186 1636984276
112 22.5732 1636984276
129 22.2258 1636984276
132 22.7211 1636984276
142 23.5351 1636984276
15 12.9836 1636984306
21 17.1823 1636984306
37 18.0994 1636984306
49 20.128 1636984306
112 22.4513 1636984306
129 22.2026 1636984306
132 22.7697 1636984306
142 23.3119 1636984306
15 12.8919 1636984336
21 17.3437 1636984336
37 18.2405 1636984336
49 19.8826 1636984336
112 22.5242 1636984336
129 21.9548 1636984336
132 23.0033 1636984336
142 23.3866 1636984336
15 12.8964 1636984366
21 17.4678 1636984366
37 18.2692 1636984366
49 20.0712 1636984366
112 22.3657 1636984366
129 21.7097 1636984366
132 23.0061 1636984366
142 23.2646 1636984366
15 12.6549 1636984396
21 17.6454 1636984396
37 18.3305 1636984396
49 19.9173 1636984396
112 22.2882 1636984396
129 21.9149 1636984396
132 23.0601 1636984396
142 23.0835 1636984396
15 12.4376 1636984426
21 17.7653 1636984426
37 18.1004 1636984426
49 20.0687 1636984426
112 22.492 1636984426
129 21.8499 1636984426
132 23.2629 1636984426
142 22.9063 1636984426
15 12.3855 1636984456
21 17.7546 1636984456
37 18.1954 1636984456
49 20.0584 1636984456
112 22.3728 1636984456
129 21.9794 1636984456
132 23.0135 1636984456
142 23.128 1636984456
15 12.2893 1636984486
21 17.5755 1636984486
37 18.2581 1636984486
49 19.9618 1636984486
112 22.284 1636984486
129 22.1709 1636984486
132 22.9411 1636984486
142 22.9895 1636984486
15 12.4417 1636984516
21 17.7324 1636984516
37 18.0114 1636984516
49 20.0065 1636984516
112 22.3753 1636984516
129 21.9446 1636984516
132 22.9248 1636984516
142 22.8687 1636984516
15 12.4523 1636984546
21 17.5858 1636984546
37 17.8314 1636984546
49 20.0106 1636984546
112 22.4093 1636984546
129 21.8686 1636984546
132 23.0103 1636984546
142 22.646 1636984546
15 12.3755 1636984576
21 17.5958 1636984576
37 17.9601 1636984576
49 19.7943 1636984576
112 22.6451 1636984576
129 21.9579 1636984576
132 22.8445 1636984576
142 22.5486 1636984576
15 12.2841 1636984606
21 17.3799 1636984606
37 18.1923 1636984606
49 19.9 1636984606
112 22.43 1636984606
129 21.8707 1636984606
132 22.8112 1636984606
142 22.4649 1636984606
15 12.2248 1636984636
21 17.2966 1636984636
37 18.0449 1636984636
49 19.8302 1636984636
112 22.5046 1636984636
129 21.7052 1636984636
132 22.9292 1636984636
142 22.3217 1636984636
15 12.0343 1636984666
21 17.3114 1636984666
37 17.8939 1636984666
49 19.8342 1636984666
112 22.6616 1636984666
129 21.6825 1636984666
132 22.847 1636984666
142 22.23 1636984666
15 11.9583 1636984696
21 17.2908 1636984696
37 17.6577 1636984696
49 19.8158 1636984696
112 22.7512 1636984696
129 21.8419 1636984696
132 23.0217 1636984696
142 22.2592 1636984696
15 12.1224 1636984726
21 17.2614 1636984726
37 17.6576 1636984726
49 19.9503 1636984726
112 22.5562 1636984726
129 21.9661 1636984726
132 22.9713 1636984726
142 22.4016 1636984726
15 12.3448 1636984756
21 17.1848 1636984756
37 17.6098 1636984756
49 19.8686 1636984756
112 22.718 1636984756
129 22.1869 1636984756
132 22.9241 1636984756
142 22.5605 1636984756
15 12.2673 1636984786
21 17.0975 1636984786
37 17.6448 1636984786
49 20.0417 1636984786
112 22.6271 1636984786
129 21.9845 1636984786
132 22.836 1636984786
142 22.7469 1636984786
15 12.5041 1636984816
21 17.1691 1636984816
37 17.616 1636984816
49 20.0578 1636984816
112 22.4683 1636984816
129 21.9845 1636984816
132 22.6747 1636984816
142 22.6223 1636984816
15 12.6909 1636984846
21 16.9983 1636984846
37 17.6029 1636984846
49 20.081 1636984846
112 22.3629 1636984846
129 21.9498 1636984846
132 22.6702 1636984846
142 22.5872 1636984846
15 12.6386 1636984876
21 16.9216 1636984876
37 17.7352 1636984876
49 20.1915 1636984876
112 22.2519 1636984876
129 22.0742 1636984876
132 22.4724 1636984876
142 22.8127 1636984876
15 12.4792 1636984906
21 16.9085 1636984906
37 17.6194 1636984906
49 20.2898 1636984906
112 22.2515 1636984906
129 21.9788 1636984906
132 22.4182 1636984906
142 22.9478 1636984906
15 12.4306 1636984936
21 16.8865 1636984936
37 17.5441 1636984936
49 20.0705 1636984936
112 22.1511 1636984936
129 22.0931 1636984936
132 22.4751 1636984936
142 22.7379 1636984936
15 12.302 1636984966
21 16.7317 1636984966
37 17.613 1636984966
49 20.0029 1636984966
112 21.9601 1636984966
129 22.2664 1636984966
132 22.4728 1636984966
142 22.9639 1636984966
15 12.3293 1636984996
21 16.806 1636984996
37 17.8386 1636984996
49 20.0543 1636984996
112 21.8949 1636984996
129 22.3713 1636984996
132 22.5266 1636984996
142 22.9808 1636984996
15 12.551 1636985026
21 16.9725 1636985026
37 17.835 1636985026
49 19.8327 1636985026
112 21.897 1636985026
129 22.2484 1636985026
132 22.6948 1636985026
142 23.209 1636985026
15 12.4399 1636985056
21 17.1059 1636985056
37 17.9267 1636985056
49 19.6651 1636985056
112 22.1214 1636985056
129 22.466 1636985056
132 22.4549 1636985056
142 23.2311 1636985056
15 12.5723 1636985086
21 16.8805 1636985086
37 18.049 1636985086
49 19.6394 1636985086
112 22.3005 1636985086
129 22.4351 1636985086
132 22.6184 1636985086
142 23.1828 1636985086
15 12.4643 1636985116
21 16.709 1636985116
37 18.0966 1636985116
49 19.5796 1636985116
112 22.4189 1636985116
129 22.3148 1636985116
132 22.4116 1636985116
142 23.4204 1636985116
15 12.5315 1636985146
21 16.7519 1636985146
37 18.2007 1636985146
49 19.569 1636985146
112 22.1817 1636985146
129 22.2585 1636985146
132 22.199 1636985146
142 23.5079 1636985146
15 12.6339 1636985176
21 16.5706 1636985176
37 18.1142 1636985176
49 19.7443 1636985176
112 22.276 1636985176
129 22.2724 1636985176
132 22.3049 1636985176
142 23.4134 1636985176
15 12.5634 1636985206
21 16.3886 1636985206
37 18.2846 1636985206
49 19.9244 1636985206
112 22.3716 1636985206
129 22.1843 1636985206
132 22.1663 1636985206
142 23.4551 1636985206
15 12.8104 1636985236
21 16.2066 1636985236
37 18.1221 1636985236
49 19.9722 1636985236
112 22.124 1636985236
129 22.3346 1636985236
132 22.2148 1636985236
142 23.5019 1636985236
15 12.7208 1636985266
21 16.3133 1636985266
37 18.2607 1636985266
49 19.8885 1636985266
112 22.0968 1636985266
129 22.5008 1636985266
132 22.0036 1636985266
142 23.7298 1636985266
